30990	30959	-5.6431
30990	31115	2.5219
30990	32871	2.5479
30990	31315	2.9746
30990	33829	2.9927
30990	32191	3.4148
30990	35487	3.4826
32574	35451	-8.1197
32574	31315	-4.3676
32574	32376	-4.1284
32574	33234	-3.6423
32574	31833	2.5056
34946	31884	-5.7917
34946	32376	-4.778
34946	32982	-4.6815
34946	33735	-4.6497
34946	35988	-4.1725
34946	36687	-4.0126
34946	34596	-3.4134
34946	31740	-3.3071
34946	34487	-2.8943
34946	35300	-2.8537
34946	31812	-2.5639
34946	35541	4.7856
34946	32191	5.8636
34946	31315	6.557
30959	34596	-6.2615
30959	30996	-5.952
30959	31833	-5.6314
30959	34962	-4.8667
30959	32858	-3.6973
30959	31852	-3.6219
30959	31026	-3.0069
30959	31237	-2.8461
30959	34951	-2.8209
30959	31121	-2.6341
30959	35080	2.9102
35958	33013	-17.622
35958	34483	-15.202
35958	36513	-11.989
35958	33166	-11.735
35958	31115	-10.751
35958	36729	-8.0386
35958	35487	-7.8851
35958	33829	-6.9043
35958	35988	-6.3342
35958	32388	-5.2137
35958	33087	-4.3658
35958	31026	-4.1975
35958	31121	-3.986
35958	33053	-3.9158
35958	32871	-3.911
35958	33234	-3.8268
35958	36534	-3.6983
35958	33735	-3.253
35958	33692	-3.2258
35958	35392	-3.0885
35958	33726	-2.7583
35958	34962	-2.7229
35958	33512	-2.6737
35958	33753	-2.6014
35958	31772	-2.5375
35958	31475	2.6013
35958	34916	2.6733
35958	34058	2.8023
35958	31833	2.9629
35958	32191	3.9289
35958	31315	4.1587
34405	33013	-23.2
34405	34483	-17.819
34405	31115	-17.782
34405	36729	-17.407
34405	31743	-16.955
34405	31966	-14.617
34405	36355	-11.555
34405	36513	-11.034
34405	33166	-8.6916
34405	36828	-8.6732
34405	35487	-8.118
34405	34699	-6.421
34405	34445	-5.3364
34405	36391	-5.2561
34405	35150	-4.7822
34405	33087	-4.725
34405	31121	-4.6419
34405	35988	-4.633
34405	32388	-4.602
34405	34443	-4.4158
34405	36698	-3.8541
34405	34469	-3.7626
34405	33692	-3.634
34405	33829	-3.5662
34405	34450	-3.3084
34405	33953	-3.2942
34405	33755	-3.2801
34405	33226	-3.2555
34405	31026	-2.8565
34405	36129	-2.825
34405	33512	-2.8119
34405	34466	-2.7298
34405	33053	-2.6553
34405	32864	-2.6369
34405	33234	-2.5684
34405	35156	2.9749
34405	35024	2.9787
34405	34058	2.9844
34466	36513	-16.138
34466	31115	-15.924
34466	33013	-13.873
34466	36729	-13.766
34466	33166	-8.9175
34466	36828	-6.7584
34466	33755	-6.229
34466	35487	-6.1561
34466	36391	-4.5149
34466	33829	-4.4526
34466	35150	-3.7084
34466	33087	-3.6899
34466	33053	-3.6359
34466	33692	-3.4508
34466	32349	-3.348
34466	34699	-3.2946
34466	31121	-2.9889
34466	35988	-2.9568
34466	36534	-2.9509
34466	32376	-2.7686
34466	34405	-2.7298
34466	31852	-2.7127
34466	32871	-2.6951
34466	36687	-2.6519
34466	33192	2.5038
34466	35156	2.5165
34466	32166	2.6259
34466	35080	2.6614
34466	35024	2.6827
34466	33899	2.712
34466	33405	2.7905
34466	31833	3.2332
35617	36729	-16.161
35617	34483	-15.517
35617	33013	-13.908
35617	31115	-13.302
35617	33087	-10.576
35617	36513	-9.2362
35617	36828	-6.9635
35617	31966	-4.981
35617	35487	-4.4155
35617	33755	-4.3719
35617	36355	-3.9798
35617	35651	-3.4451
35617	32871	-3.2483
35617	35673	-3.0388
35617	35854	-2.6733
35617	33405	2.6073
35617	33874	3.0997
35988	36391	-12.887
35988	32191	-11.745
35988	31315	-9.6144
35988	35070	-8.8275
35988	35783	-8.8138
35988	32949	-8.34
35988	36129	-7.9565
35988	32864	-7.7023
35988	33753	-7.1452
35988	32536	-6.9379
35988	35773	-6.8432
35988	35958	-6.3342
35988	31740	-6.1397
35988	32376	-5.8988
35988	33240	-4.9992
35988	33735	-4.7506
35988	34405	-4.633
35988	34469	-4.2822
35988	34946	-4.1725
35988	35541	-3.9249
35988	34385	-3.8412
35988	36687	-3.7368
35988	34483	-3.7267
35988	35230	-3.6978
35988	31121	-3.2507
35988	36045	-3.1854
35988	35179	-3.0982
35988	35156	-3.0316
35988	34466	-2.9568
35988	35300	-2.9475
35988	36429	-2.9127
35988	31853	-2.8712
35988	33405	-2.8633
35988	33115	-2.8086
35988	32681	-2.7979
35988	35917	-2.6999
35988	33053	-2.5692
35988	35487	-2.5282
35988	33125	2.5478
35988	36846	2.6028
35988	31962	2.6061
35988	34902	2.7975
33512	32376	-12.324
33512	32191	-11.477
33512	31315	-10.52
33512	32864	-7.4373
33512	33753	-7.1828
33512	35070	-6.9926
33512	35783	-5.9811
33512	35773	-5.9375
33512	35300	-5.6138
33512	34385	-5.5218
33512	34469	-3.7838
33512	33234	-3.7474
33512	31853	-3.5154
33512	36129	-3.4057
33512	33480	-3.3645
33512	34483	-3.3277
33512	35230	-2.9748
33512	34443	2.6271
33512	35161	3.1588
33512	34596	3.9808
32982	32376	-13.463
32982	32191	-8.6069
32982	35783	-7.6834
32982	32949	-7.3316
32982	33753	-7.1584
32982	35070	-6.7249
32982	31315	-6.0562
32982	35773	-6.0322
32982	32864	-5.635
32982	31853	-5.181
32982	34469	-4.4568
32982	36129	-4.2161
32982	34385	-4.0638
32982	36865	-3.2741
32982	35230	-2.8913
32982	36729	-2.8785
32982	33115	-2.6146
32982	35487	-2.5866
32982	33514	2.7081
32982	31475	2.785
32982	32570	2.9026
32982	34947	3.2105
32982	35161	3.4439
33735	36391	-15.617
33735	31315	-9.6176
33735	32864	-9.3257
33735	32191	-9.0084
33735	35783	-8.2856
33735	33767	-8.064
33735	35070	-7.7307
33735	35773	-6.6299
33735	32949	-6.5813
33735	32536	-6.4555
33735	36129	-6.2275
33735	33769	-5.8435
33735	32376	-5.2401
33735	34469	-5.0372
33735	34385	-4.7547
33735	34946	-4.6497
33735	31121	-4.5608
33735	33234	-3.533
33735	33115	-3.4533
33735	31740	-3.4204
33735	33692	-3.2527
33735	35479	-3.1696
33735	33226	-2.959
33735	35487	-2.8934
33735	34483	-2.8485
33735	36729	-2.8201
33735	31853	-2.7328
33735	33238	-2.6888
33735	34962	-2.5352
33735	31833	2.5142
33735	34443	2.5242
33735	34902	2.5835
33735	31115	3.3627
31263	31237	-3.1784
31263	31230	-2.8126
31263	34469	2.5843
31263	36728	2.7775
31263	34596	3.4513
31030	33405	-4.4717
31030	33013	-2.7257
31030	31509	-2.7001
31030	34302	-2.5426
31030	33238	2.6582
35844	35156	-3.0551
35844	35778	-2.5234
35844	34596	2.5846
35844	36828	2.8628
35844	35132	2.8633
35844	35451	3.9537
31853	36129	-13.435
31853	33753	-10.426
31853	36707	-10.317
31853	35300	-9.7014
31853	31315	-8.0101
31853	31924	-7.7682
31853	33953	-7.568
31853	34385	-7.44
31853	31740	-7.4125
31853	36513	-7.4002
31853	32864	-7.2184
31853	32376	-6.6181
31853	34916	-6.3508
31853	30977	-6.3051
31853	34016	-5.991
31853	36686	-5.6409
31853	33087	-5.5841
31853	33637	-4.9651
31853	34699	-4.9111
31853	32191	-4.2813
31853	33238	-4.1175
31853	32166	-3.6796
31853	36865	-3.5627
31853	34483	-3.5053
31853	35780	-2.9486
31853	31966	-2.764
31853	33053	-2.6518
31853	36575	-2.5754
31853	32483	-2.5424
31853	31824	-2.5222
31853	34696	-2.5021
31853	33873	2.5593
31853	33452	2.6436
31853	35673	2.6487
31853	31115	2.8952
31853	33226	3.134
31853	35024	3.5149
31853	31121	3.7799
31853	34058	4.0024
31853	36828	4.005
31853	35156	4.0217
31924	31853	-7.7682
31924	34596	-5.2774
31924	31740	-3.2383
31924	33660	-3.1821
31924	31963	-3.1154
31924	36391	-2.9295
31924	31962	-2.9059
31924	33087	-2.5735
31924	34916	2.6345
31924	33220	2.8044
31924	36828	3.5142
31924	33226	3.5418
31924	33115	3.6964
32864	35783	-20.733
32864	35070	-19.806
32864	34469	-18.201
32864	35773	-17.872
32864	36391	-14.252
32864	33226	-14.145
32864	36828	-14.038
32864	32166	-13.931
32864	33240	-13.811
32864	32376	-12.341
32864	32191	-12.289
32864	34385	-11.785
32864	33405	-11.722
32864	31315	-9.4333
32864	35541	-9.1849
32864	33829	-8.5979
32864	35300	-8.1759
32864	36687	-7.9211
32864	31853	-7.2184
32864	32949	-7.1349
32864	36429	-7.0972
32864	31026	-6.7537
32864	35487	-6.3194
32864	33874	-6.2252
32864	36729	-6.0462
32864	33953	-5.6958
32864	33193	-4.0908
32864	35601	-3.6984
32864	34882	-3.6908
32864	30977	-3.2512
32864	34511	-3.0114
32864	31121	-2.5979
32864	33125	2.5136
32864	35392	2.5157
32864	34902	2.5532
32864	32471	2.7557
32864	36513	2.8399
36129	34469	-23.174
36129	35070	-18.733
36129	32166	-17.46
36129	33240	-16.602
36129	36828	-15.687
36129	32191	-14.067
36129	36391	-13.722
36129	31853	-13.435
36129	31315	-12.738
36129	35773	-12.348
36129	36729	-12.168
36129	33115	-12.006
36129	35783	-11.687
36129	34385	-11.166
36129	32376	-9.7283
36129	33226	-8.2742
36129	35988	-7.9565
36129	35300	-7.6854
36129	36687	-7.2035
36129	33953	-7.1207
36129	33829	-6.875
36129	35541	-6.8363
36129	32388	-6.4094
36129	33874	-6.2815
36129	33735	-6.2275
36129	35487	-4.5209
36129	36429	-4.4291
36129	32982	-4.2161
36129	34483	-3.6464
36129	33193	-3.5496
36129	32949	-3.5245
36129	34882	-3.4671
36129	33512	-3.4057
36129	36094	-2.8534
36129	34405	-2.825
36129	35601	-2.5957
36129	36513	2.7125
36129	32471	2.8948
36129	34902	2.9701
36129	31536	3.578
36129	31115	5.1935
31962	35070	-15.242
31962	34611	-14.772
31962	35783	-14.416
31962	36866	-13.968
31962	35773	-13.475
31962	34699	-12.922
31962	33193	-12.665
31962	31536	-12.561
31962	36698	-12.405
31962	33240	-11.992
31962	31315	-10.836
31962	33829	-10.829
31962	35472	-10.738
31962	32977	-10.015
31962	32191	-9.7027
31962	35975	-7.2296
31962	32166	-7.1988
31962	33305	-6.6881
31962	36753	-6.5604
31962	34385	-5.9467
31962	35024	-5.899
31962	33087	-5.3645
31962	34916	-5.3237
31962	33753	-5.0448
31962	31509	-4.8984
31962	36355	-4.6712
31962	33115	-4.3711
31962	33633	-3.4389
31962	32871	-3.3731
31962	31924	-2.9059
31962	32376	-2.7272
31962	36728	-2.6387
31962	35876	-2.6281
31962	33566	-2.5738
31962	33331	-2.5556
31962	32950	2.8084
31962	36865	3.1505
31962	34596	3.255
31962	31115	3.3367
31962	35156	3.6981
31962	33226	5.0341
31962	36828	5.6461
31509	31115	-13.362
31509	36828	-12.55
31509	34916	-7.1379
31509	33166	-6.7383
31509	34385	-6.5194
31509	33829	-6.5013
31509	32191	-6.436
31509	35070	-6.0946
31509	36513	-5.7447
31509	35487	-5.3705
31509	33226	-5.1642
31509	33115	-5.1344
31509	35783	-5.1247
31509	33034	-4.9613
31509	31536	-4.9078
31509	31315	-4.8508
31509	31966	-4.6189
31509	34469	-4.3469
31509	35380	-4.1641
31509	36687	-4.0521
31509	33193	-4.0321
31509	33692	-3.9718
31509	36698	-3.4975
31509	33234	-3.3351
31509	31121	-3.3348
31509	33660	-3.2889
31509	35150	-3.2424
31509	31743	-2.9782
31509	33092	-2.957
31509	34478	-2.9523
31509	34596	-2.8939
31509	35161	-2.8744
31509	35773	-2.7995
31509	33666	-2.7949
31509	35378	-2.7694
31509	31030	-2.7001
31509	33622	-2.5297
31509	36638	2.5811
31509	35300	2.6093
31509	33192	2.6719
31509	35673	2.8056
31509	35451	2.9418
31509	33238	2.9566
31509	32325	2.9774
31509	34058	3.0016
31509	31833	3.1758
31509	33874	3.7444
31509	33429	3.9202
31509	33405	4.6488
35296	35327	-2.9052
35296	35240	-2.8958
35817	35846	-4.3134
35817	35783	-4.0444
35817	35854	-3.8292
35817	35780	-3.2684
35817	35865	-2.7737
35817	33236	-2.6695
35817	35773	-2.6515
35817	34902	-2.5745
34759	33899	2.8183
33429	32762	-4.8827
33429	33455	-2.9591
33429	31852	-2.5436
33429	35487	2.5111
33429	31115	2.5419
33429	35150	2.8903
33429	36698	3.0889
33429	31509	3.9202
33429	36513	4.1336
33583	33547	-4.1849
33583	33622	-3.1315
33583	36728	2.6374
34478	33240	-4.1994
34478	31509	-2.9523
34478	34443	-2.527
34478	33087	2.8728
34478	33405	3.103
34478	35080	3.4334
34867	33238	-3.0428
34867	33829	3.3879
34596	33193	-12.419
34596	34070	-12.007
34596	35939	-11.901
34596	33166	-11.713
34596	34704	-11.373
34596	34483	-11.092
34596	35538	-10.964
34596	35541	-10.519
34596	31967	-10.06
34596	35978	-9.6024
34596	31966	-9.4099
34596	32274	-8.1627
34596	34636	-8.1616
34596	36477	-7.8146
34596	31297	-7.6078
34596	36727	-7.065
34596	34490	-6.7447
34596	36243	-6.4777
34596	30959	-6.2615
34596	36614	-5.9212
34596	36513	-5.9085
34596	35514	-5.5481
34596	31924	-5.2774
34596	35780	-5.0675
34596	36575	-4.6588
34596	33873	-4.429
34596	34469	-4.3945
34596	34058	-4.3505
34596	32166	-4.3006
34596	31824	-3.8488
34596	34391	-3.515
34596	31785	-3.351
34596	31270	-3.3071
34596	32688	-2.9218
34596	32554	-2.9127
34596	31509	-2.8939
34596	32858	-2.6243
34596	35029	2.5733
34596	35107	2.6205
34596	31708	2.6633
34596	34959	2.6745
34596	33452	2.7236
34596	34443	2.8286
34596	33953	2.9012
34596	33886	2.9693
34596	33571	2.9887
34596	33349	3.101
34596	35838	3.111
34596	36638	3.1993
34596	32968	3.2102
34596	35430	3.2438
34596	31962	3.255
34596	33791	3.2567
34596	35150	3.3268
34596	32483	3.3416
34596	31263	3.4513
34596	33996	3.4939
34596	35876	3.5197
34596	33236	3.6203
34596	34902	3.6226
34596	31230	3.7755
34596	35451	3.8297
34596	36687	3.8533
34596	33512	3.9808
34596	35639	3.9859
34596	35392	4.4392
34596	34198	5.2394
36534	35392	-18.564
36534	33220	-13.386
36534	36513	-12.529
36534	35487	-11.744
36534	32924	-10.118
36534	31772	-8.7275
36534	34483	-7.7235
36534	33692	-5.8722
36534	31475	-5.545
36534	33873	-5.3726
36534	34391	-5.165
36534	36687	-4.8585
36534	30977	-4.7666
36534	35601	-4.5886
36534	33053	-4.4754
36534	36698	-4.0791
36534	35958	-3.6983
36534	31121	-3.5011
36534	33087	-3.4792
36534	33234	-3.3455
36534	33166	-3.1207
36534	35300	-3.1055
36534	34611	-3.0448
36534	35517	-3.0348
36534	34466	-2.9509
36534	31536	-2.802
36534	36735	-2.762
36534	35193	-2.7598
36534	32110	-2.7379
36534	33633	-2.7293
31880	33220	-2.9674
31880	35066	-2.8997
31880	33873	3.4538
35876	34916	-9.242
35876	36828	-8.195
35876	36698	-7.7563
35876	32166	-6.1757
35876	33234	-5.7874
35876	33226	-4.8243
35876	32191	-4.7608
35876	35451	-4.7282
35876	34469	-4.5003
35876	31209	-3.8479
35876	31315	-3.82
35876	33115	-3.3673
35876	35080	-3.1361
35876	33873	-2.9914
35876	33193	-2.6511
35876	31962	-2.6281
35876	33422	2.5941
35876	34596	3.5197
34239	36243	-4.3244
34239	34302	-4.0751
34239	35038	-3.5069
34239	35714	-2.5603
32984	31026	-6.8908
32984	33087	-6.013
32984	36728	-4.892
32984	33234	-3.7258
32984	33166	-3.0097
32984	32950	-2.664
32984	35300	-2.5866
32984	31612	2.5538
32984	36828	3.6181
32984	34916	4.5457
32984	35451	5.5144
31121	33087	-16.706
31121	36513	-12.656
31121	33193	-12.118
31121	34483	-10.4
31121	33829	-10.113
31121	32166	-9.775
31121	32191	-9.0948
31121	36828	-7.4875
31121	33115	-7.4026
31121	31966	-7.1236
31121	31743	-7.0694
31121	35487	-6.7696
31121	33220	-6.7396
31121	33226	-6.2084
31121	35378	-5.5974
31121	33053	-5.4842
31121	33234	-4.9925
31121	33692	-4.7992
31121	35601	-4.6701
31121	32924	-4.5424
31121	33899	-4.4109
31121	31772	-3.9945
31121	34916	-3.8058
31121	33873	-3.7736
31121	31315	-3.7172
31121	35300	-3.6749
31121	32388	-3.651
31121	35179	-3.5001
31121	35120	-3.4371
31121	31612	-3.4029
31121	34469	-3.2933
31121	34951	-3.1189
31121	32536	-3.0571
31121	36575	-3.0081
31121	35773	-2.9677
31121	34962	-2.9596
31121	32376	-2.9556
31121	36729	-2.9087
31121	35161	-2.8968
31121	34385	-2.8706
31121	35783	-2.8639
31121	30959	-2.6341
31121	34058	2.5885
31121	35380	2.6272
31121	33331	2.7072
31121	31740	3.044
31121	35451	3.9923
31121	34902	4.0849
31121	33405	4.2394
31121	33166	6.4371
33281	32191	-5.4778
33281	31315	-4.1889
33281	33633	-2.6854
33281	33234	-2.6408
34947	36828	-6.0953
34947	34916	-3.3331
34947	32950	-2.9533
34947	35299	-2.8049
34947	33677	-2.6832
34947	32248	-2.6132
34947	35487	2.5066
34947	35132	2.5529
34947	34385	2.6594
34947	33405	2.6788
34947	33166	2.7728
34947	33829	3.1193
34947	32982	3.2105
32325	35120	-3.8661
32325	33238	-3.8482
32325	32284	-3.8285
32325	32360	-3.6237
32325	36828	-3.1545
32325	32274	-3.0278
32325	33058	2.6261
32325	31509	2.9774
31650	35487	-5.6093
31650	36429	-2.98
31650	31315	3.5724
33405	34962	-11.962
33405	32864	-11.722
33405	36236	-10.999
33405	31297	-9.7203
33405	36753	-9.4167
33405	33873	-8.5132
33405	35541	-8.3971
33405	33637	-8.2606
33405	33622	-7.7531
33405	35070	-7.7466
33405	32871	-7.6203
33405	34111	-7.4873
33405	35201	-7.4425
33405	35024	-7.4176
33405	34916	-7.203
33405	35783	-7.0533
33405	35442	-6.4166
33405	33008	-6.1734
33405	35156	-5.4235
33405	33455	-5.2939
33405	36865	-5.2934
33405	34959	-5.2059
33405	33514	-5.0458
33405	31115	-4.9001
33405	32191	-4.886
33405	35975	-4.8567
33405	32881	-4.5065
33405	31030	-4.4717
33405	31475	-4.4342
33405	31942	-4.3961
33405	32543	-4.29
33405	33125	-4.1798
33405	36355	-4.0904
33405	36828	-3.6622
33405	34696	-3.393
33405	31852	-3.2887
33405	31833	-3.2579
33405	32568	-3.2237
33405	33240	-3.1719
33405	33115	-3.0597
33405	34699	-2.9129
33405	35581	-2.9
33405	35179	-2.8994
33405	30977	-2.8173
33405	35453	-2.7358
33405	32273	-2.6437
33405	35846	-2.6295
33405	33092	-2.5849
33405	33571	-2.5701
33405	34391	-2.5465
33405	32413	-2.5433
33405	32981	2.5071
33405	33889	2.5101
33405	35327	2.6196
33405	36687	2.6502
33405	36470	2.9364
33405	33166	3.0558
33405	32688	3.1231
33405	31230	3.3253
33405	36317	3.5001
33405	31708	3.6955
33405	33547	3.9606
33405	34569	4.1458
33405	31121	4.2394
33405	35157	4.3046
33405	33996	4.3117
33405	31509	4.6488
33405	35392	4.7269
33405	31791	5.2874
33405	32007	5.2959
33405	34058	5.4148
33405	35487	5.7278
36575	35651	-9.7519
36575	32762	-9.0436
36575	35487	-8.6007
36575	33166	-8.2163
36575	33829	-5.9652
36575	31026	-5.8369
36575	32871	-5.6967
36575	36729	-4.7327
36575	34596	-4.6588
36575	33692	-4.3777
36575	33034	-4.0098
36575	36687	-3.5499
36575	34611	-3.4789
36575	36609	-3.4002
36575	36614	-3.2559
36575	31121	-3.0081
36575	35380	-2.7648
36575	36698	-2.6438
36575	31853	-2.5754
31772	36534	-8.7275
31772	33166	-6.669
31772	31026	-6.4584
31772	33692	-6.1135
31772	34483	-5.7265
31772	35487	-5.2294
31772	36729	-4.6948
31772	32871	-4.6839
31772	32924	-4.5773
31772	33034	-4.4666
31772	36698	-4.2924
31772	31121	-3.9945
31772	33873	-3.7537
31772	35392	-3.7164
31772	33220	-3.5347
31772	31315	-3.353
31772	30977	-2.978
31772	32191	-2.7651
31772	32536	-2.5898
33365	32191	-4.9786
33365	33331	-2.6277
36907	31475	-2.5848
35773	34385	-19.209
35773	32864	-17.872
35773	33753	-17.721
35773	35453	-15.43
35773	34611	-15.421
35773	36698	-15.268
35773	34469	-14.89
35773	32601	-14.041
35773	32166	-14.012
35773	35472	-13.553
35773	31962	-13.475
35773	33226	-12.759
35773	36687	-12.113
35773	33193	-10.068
35773	35451	-10.041
35773	36391	-9.5505
35773	34487	-9.3547
35773	33115	-8.6289
35773	32949	-7.3885
35773	32536	-7.2327
35773	32191	-6.9171
35773	34882	-6.6578
35773	33735	-6.6299
35773	36729	-6.3244
35773	33633	-6.3153
35773	33034	-6.2402
35773	31536	-6.1645
35773	32982	-6.0322
35773	33512	-5.9375
35773	35541	-5.8554
35773	35487	-5.7991
35773	35300	-5.4891
35773	34916	-5.1456
35773	31315	-4.8282
35773	33829	-4.8275
35773	31612	-4.777
35773	32376	-4.1972
35773	32388	-4.1221
35773	31121	-2.9677
35773	32349	-2.9495
35773	31852	-2.9099
35773	33087	-2.8636
35773	31509	-2.7995
35773	35729	-2.7722
35773	33953	-2.6099
35773	33692	-2.5166
35773	34902	3.246
35783	32864	-20.733
35783	33753	-20.241
35783	33193	-16.523
35783	34611	-15.881
35783	35453	-15.798
35783	36698	-15.138
35783	34469	-15.001
35783	35472	-14.996
35783	31962	-14.416
35783	34385	-14.087
35783	33226	-13.006
35783	36391	-12.42
35783	34916	-12.39
35783	32949	-11.878
35783	32166	-11.517
35783	32601	-9.8645
35783	36687	-9.6016
35783	32191	-8.8782
35783	31612	-8.7232
35783	34882	-8.7174
35783	33829	-8.5325
35783	33953	-8.3721
35783	31536	-8.3365
35783	33735	-8.2856
35783	32376	-8.1109
35783	33633	-7.8599
35783	36828	-7.6931
35783	32982	-7.6834
35783	36729	-7.6069
35783	34487	-7.1839
35783	33115	-7.0857
35783	33405	-7.0533
35783	35451	-6.8213
35783	32536	-6.4877
35783	35487	-6.4789
35783	33087	-6.2826
35783	35541	-6.2403
35783	33512	-5.9811
35783	32388	-5.9455
35783	33692	-5.7237
35783	31315	-5.6969
35783	31509	-5.1247
35783	35300	-4.5297
35783	30977	-3.8859
35783	32349	-3.4798
35783	36429	-3.1891
35783	34016	-3.1374
35783	33034	-2.9965
35783	32490	-2.9913
35783	31121	-2.8639
35783	36355	-2.8071
35783	36686	-2.791
35783	34902	3.2938
33240	33753	-16.363
33240	35453	-15.88
33240	34385	-15.839
33240	33193	-14.872
33240	32864	-13.811
33240	35472	-13.544
33240	34469	-12.194
33240	31962	-11.992
33240	36698	-11.893
33240	32166	-11.504
33240	36687	-11.446
33240	32601	-11.421
33240	32949	-10.804
33240	33115	-9.3479
33240	33034	-7.7554
33240	33283	-6.4319
33240	33829	-6.2534
33240	31612	-6.2018
33240	34882	-5.7225
33240	32191	-5.1848
33240	36729	-4.5484
33240	36731	-4.1932
33240	35487	-3.7579
33240	31315	-3.6137
33240	35300	-3.4415
33240	32376	-3.351
33240	36828	-3.2022
33240	33755	-3.1435
33240	32490	-2.8534
33240	33305	-2.7917
33240	33192	-2.7635
33240	35451	-2.6827
33240	34902	3.2554
35070	34611	-20.899
35070	36391	-19.904
35070	33753	-17.762
35070	33226	-15.788
35070	32601	-15.661
35070	35472	-15.048
35070	35453	-14.285
35070	36698	-13.791
35070	34385	-13.696
35070	33193	-13.378
35070	34469	-12.842
35070	34916	-12.719
35070	32376	-11.82
35070	32166	-11.607
35070	36687	-10.113
35070	32949	-9.9053
35070	36828	-9.7355
35070	33633	-9.3146
35070	34487	-9.1355
35070	35451	-8.6834
35070	35541	-8.5423
35070	35487	-8.4686
35070	33405	-7.7466
35070	32191	-6.927
35070	33115	-6.766
35070	31509	-6.0946
35070	33953	-5.9095
35070	34882	-5.8118
35070	31315	-5.548
35070	31536	-5.2329
35070	33829	-5.0364
35070	33034	-4.6586
35070	35300	-4.4256
35070	36729	-4.1767
35070	30977	-4.0531
35070	33692	-3.8305
35070	34511	-3.7153
35070	34016	-3.7045
35070	32536	-3.3912
35070	32388	-3.3107
35070	36429	-3.2916
35070	32871	-2.9716
35070	33899	-2.8345
35070	35378	-2.5895
35070	36728	-2.5645
35070	33755	-2.5444
35070	31115	2.5096
35070	34902	3.1395
35901	32762	-2.6921
33960	34611	-15.693
33960	36828	-9.1881
33960	35451	-5.8964
33960	33996	-3.8984
33960	32871	-3.4471
33960	33087	-3.2014
33960	33633	-3.0346
33960	35080	3.3092
33960	32191	5.78
33960	31315	6.9481
32356	31260	-2.7755
32356	32284	-2.6082
32356	36728	2.5814
35697	31536	-4.0007
35697	33874	2.6472
36608	31513	-6.1503
36608	34290	-3.0461
36608	35380	-2.8293
36608	34987	-2.675
36608	35161	-2.6278
36608	34951	2.7372
36608	33829	2.9238
35442	31115	-17.133
35442	33873	-15.695
35442	33305	-14.114
35442	36513	-12.128
35442	32977	-8.2271
35442	33405	-6.4166
35442	35651	-6.3294
35442	35024	-5.5189
35442	34644	-3.0782
35442	34058	-2.8024
35442	32191	2.5805
35442	31315	2.8374
35442	33829	3.6283
35442	34916	6.9479
35042	35651	-5.2456
35042	33874	-5.0958
35042	35112	-2.86
34443	35451	-9.5464
34443	32166	-7.3282
34443	34405	-4.4158
34443	34391	-3.8278
34443	35080	-3.2729
34443	33053	2.5064
34443	33735	2.5242
34443	36728	2.5356
34443	33512	2.6271
34443	35487	2.7817
34443	31315	2.9327
33220	31026	-15.57
33220	34483	-10.501
33220	33166	-10.188
33220	35392	-9.0949
33220	36698	-8.5877
33220	33692	-8.0667
33220	35487	-6.9083
33220	31121	-6.7396
33220	35601	-6.6403
33220	36828	-5.1803
33220	33829	-5.0309
33220	33087	-4.8226
33220	31743	-4.7831
33220	36729	-4.6036
33220	36087	-3.9891
33220	30996	-3.856
33220	32388	-3.8089
33220	31772	-3.5347
33220	34611	-3.3433
33220	34644	-3.242
33220	30941	-3.0214
33220	31880	-2.9674
33220	34916	-2.9553
33220	33589	-2.6986
33220	31966	-2.6926
33220	35378	-2.6688
33220	33283	-2.6262
33220	34962	-2.5818
33220	32376	-2.5318
33220	31612	2.6079
33220	31924	2.8044
30996	33166	-6.0142
30996	30959	-5.952
30996	31743	-4.7828
30996	31966	-2.8712
30996	31812	2.538
30996	31740	2.7897
35714	34290	-2.7938
35714	31740	-2.6393
35714	34239	-2.5603
36013	35024	-3.8223
36013	35979	-3.6682
36013	36045	-3.3061
36013	36866	-2.9385
36013	35978	-2.6468
32898	32762	-5.6527
32898	32862	-4.2061
32898	35080	-3.5589
32898	35487	2.5117
32898	33226	2.7857
32898	35451	3.1747
32898	32191	4.4259
32898	33829	4.7316
32898	31315	4.9333
32471	33899	-2.7191
32471	31612	2.6134
32471	35080	2.7482
34636	34596	-8.1616
34636	32195	-6.8208
34636	36828	-6.1745
34636	34699	-5.7551
34636	32762	-4.0375
34636	34672	-3.9352
34636	33192	-3.32
34636	34902	-3.1485
34636	33238	-2.7675
34636	35833	-2.7466
34636	32950	3.4287
33480	33013	-18.944
33480	34483	-18.515
33480	31115	-14.354
33480	36729	-12.967
33480	36513	-10.17
33480	33755	-6.7277
33480	35487	-5.3493
33480	33166	-4.8111
33480	33087	-4.685
33480	32426	-3.8642
33480	32388	-2.7767
33480	33829	-2.5346
33480	34916	2.5998
33480	34902	2.7298
33480	33874	3.2035
33480	31315	3.3389
33480	33226	3.3504
33480	35451	4.4389
32195	31743	-6.4479
32195	32110	-3.1574
32195	31740	-2.9289
32346	33622	-8.7548
32346	31315	-4.7201
32346	32191	-3.8103
32346	31612	-3.4034
32346	32762	3.1257
36355	34405	-11.555
36355	31743	-9.5304
36355	31966	-9.1118
36355	36513	-8.3057
36355	35487	-6.2303
36355	35854	-5.1541
36355	33226	-4.7287
36355	31962	-4.6712
36355	32376	-4.5751
36355	33829	-4.2228
36355	33087	-4.1202
36355	33405	-4.0904
36355	35617	-3.9798
36355	32284	-3.8173
36355	34487	-3.4591
36355	31315	-3.4156
36355	32858	-2.8702
36355	34385	-2.8603
36355	35783	-2.8071
36355	32166	-2.7742
36355	35157	-2.7438
36355	33692	-2.5789
31740	32166	-14.66
31740	35517	-13.546
31740	32871	-11.663
31740	33305	-10.636
31740	31812	-9.7627
31740	33331	-8.0688
31740	33637	-7.8802
31740	34511	-7.7204
31740	36686	-7.3456
31740	35780	-7.2305
31740	34385	-6.9313
31740	31612	-6.8341
31740	35161	-6.5037
31740	34644	-6.3138
31740	33791	-6.0837
31740	33873	-6.0566
31740	32949	-5.9982
31740	32950	-5.9945
31740	34068	-5.6854
31740	34916	-5.5646
31740	36429	-5.3999
31740	33053	-5.3471
31740	32376	-5.2986
31740	36045	-5.1188
31740	36687	-5.0977
31740	35300	-5.0531
31740	36707	-4.8771
31740	36470	-4.6163
31740	36865	-4.4744
31740	33115	-4.4074
31740	33013	-4.2809
31740	33125	-4.1455
31740	33193	-4.0293
31740	35361	-3.9441
31740	32191	-3.9374
31740	35581	-3.9071
31740	31966	-3.598
31740	33735	-3.4204
31740	31558	-3.3977
31740	31989	-3.3543
31740	34946	-3.3071
31740	31924	-3.2383
31740	34469	-3.0203
31740	33166	2.7144
31740	36828	2.7277
31740	30996	2.7897
31740	33087	2.9221
31740	34699	2.9613
31740	31121	3.044
31740	34902	3.2464
31740	35186	4.0493
31740	33234	4.2354
35581	31315	-4.7057
35581	31740	-3.9071
35581	32166	-3.3203
35581	33405	-2.9
35581	32858	-2.8706
35581	36513	2.5835
32483	35676	-11.492
32483	36728	-6.5762
32483	34672	-3.5332
32483	36281	-3.1238
32483	32248	-2.8046
32483	34219	-2.7004
32483	31853	-2.5424
32483	34369	3.326
35479	35676	-8.7505
35479	36865	-4.8986
35479	34902	-4.3625
35479	33192	-3.7042
35479	34385	-3.2434
35479	33735	-3.1696
35479	34882	-3.0023
35479	33829	-2.8172
35479	33547	-2.7198
35479	35080	2.5951
35479	35157	2.7098
35479	31209	3.5588
34490	33637	-2.9032
34490	31963	-2.787
35854	34483	-15.347
35854	33013	-13.67
35854	31115	-12.019
35854	36513	-11.665
35854	36729	-10.34
35854	33087	-8.4136
35854	35487	-5.5047
35854	35819	-4.7321
35854	35817	-3.8292
35854	35451	-3.062
35854	36698	-2.8357
35854	32871	-2.7884
35854	32388	-2.6944
35854	35617	-2.6733
35854	33166	-2.664
35854	34611	-2.5612
35854	35150	-2.5164
35854	33874	2.5732
35854	34058	3.5402
35514	34596	-5.5481
35514	33829	2.5526
32876	33829	2.9359
33568	30939	-2.7494
33568	31612	2.5837
33568	33226	2.6027
33568	33829	2.9983
33058	33193	-14.172
33058	36828	-10.451
33058	36513	-9.1548
33058	32949	-7.7347
33058	33226	-4.8276
33058	32191	-4.5533
33058	31536	-4.3653
33058	31315	-4.2634
33058	34385	-4.1397
33058	35451	-4.0311
33058	33115	-3.984
33058	32376	-3.9589
33058	33092	-3.8425
33058	33087	-3.445
33058	31966	-3.3622
33058	34058	-3.1135
33058	32166	-2.9503
33058	35380	-2.6268
33058	31743	-2.5041
33058	34902	3.5491
31353	31392	-2.8912
31353	32950	-2.6544
34987	31536	-9.3832
34987	36391	-8.1569
34987	33166	-3.4752
34987	35029	-2.9237
34987	32191	-2.8692
34987	36608	-2.675
34987	31115	3.6667
36556	33238	-3.6847
36556	36513	-3.0679
36556	33236	-2.8318
36556	33829	2.575
32657	35676	-7.3874
32657	36707	-6.0259
32657	36728	-5.9399
31513	36608	-6.1503
31513	34198	-3.2096
31513	32470	-2.9767
31513	33829	-2.5597
31513	33115	2.5124
31513	34916	3.9315
33428	33823	-2.5912
33428	33236	2.5763
33428	36513	2.8366
35380	35780	-9.7158
35380	33328	-9.6626
35380	35651	-8.3294
35380	33873	-8.2473
35380	33305	-6.9391
35380	33514	-6.8904
35380	32349	-6.8278
35380	33637	-5.639
35380	33192	-5.2096
35380	33053	-4.5992
35380	34184	-4.4738
35380	31509	-4.1641
35380	32950	-3.452
35380	31833	-3.3477
35380	32862	-3.3271
35380	31812	-3.247
35380	33842	-2.8015
35380	33899	-2.7194
35380	35300	-2.6945
35380	32968	-2.6681
35380	34644	-2.6486
35380	34111	-2.5716
35380	31121	2.6272
35380	33234	3.4241
35380	32191	4.9578
35380	31315	5.1528
33305	31331	-11.55
33305	31740	-10.636
33305	34959	-10.635
33305	36470	-9.4351
33305	34469	-8.776
33305	34385	-7.1146
33305	31962	-6.6881
33305	33873	-6.6291
33305	36687	-6.2384
33305	34611	-5.7458
33305	34336	-4.0875
33305	35193	-3.7828
33305	35300	-3.4387
33305	33633	-3.4246
33305	33166	-2.9927
33305	33953	-2.9446
33305	33240	-2.7917
33305	32528	-2.6937
33305	31612	-2.6936
33305	35107	-2.6903
33305	32536	-2.5893
33305	31392	2.5831
31331	31115	-15.419
31331	36728	-9.0456
31331	35024	-8.1748
31331	35651	-5.7345
31331	33192	-3.9362
31331	34644	-3.5943
31331	32191	4.5032
31331	34916	5.6442
33234	32376	-7.6411
33234	36729	-7.3604
33234	33829	-7.2827
33234	32871	-5.2647
33234	31121	-4.9925
33234	36728	-4.7238
33234	31743	-4.5596
33234	32949	-4.4737
33234	36687	-4.4457
33234	35120	-4.3686
33234	31315	-4.2388
33234	35300	-3.9586
33234	33166	-3.932
33234	34483	-3.8487
33234	32191	-3.7968
33234	32984	-3.7258
33234	32574	-3.6423
33234	33283	-3.6052
33234	33008	-3.5956
33234	33753	-3.5918
33234	35676	-3.3668
33234	31509	-3.3351
33234	31966	-3.2784
33234	35099	-3.27
33234	31785	-3.2409
33234	31026	-3.1169
33234	35228	-3.0653
33234	35201	-3.0465
33234	35378	-3.0395
33234	33692	-2.9897
33234	31017	-2.8883
33234	33874	-2.8786
33234	34487	-2.8525
33234	33193	-2.7821
33234	32924	-2.7158
33234	36731	-2.6749
33234	33331	-2.5418
33234	33842	-2.5115
33234	34469	2.5576
33234	31612	2.9544
33234	35451	3.0185
33234	35161	3.3981
33234	35186	3.8148
33234	31740	4.2354
35186	35150	-4.8966
35186	35157	-4.8653
35186	33238	-4.4772
35186	31833	-3.8578
35186	33829	-3.8553
35186	35541	-3.8041
35186	36729	-3.3344
35186	33166	-3.1924
35186	32554	-2.876
35186	32977	-2.6728
35186	35487	-2.6671
35186	36687	-2.553
35186	36717	2.6259
35186	33226	2.6934
35186	33087	3.1566
35186	35451	3.1746
35186	34902	3.7116
35186	33234	3.8148
35186	31740	4.0493
35186	36728	4.5286
35161	33192	-11.166
35161	32349	-9.8017
35161	33166	-6.6655
35161	35451	-6.3918
35161	34016	-5.8442
35161	32977	-5.2901
35161	33087	-5.1381
35161	35193	-4.8516
35161	35541	-4.5908
35161	33829	-4.485
35161	32191	-4.4586
35161	31833	-4.3601
35161	36846	-3.7822
35161	36729	-3.1529
35161	36477	-3.1377
35161	34644	-2.9969
35161	31121	-2.8968
35161	31509	-2.8744
35161	36243	-2.8698
35161	33692	-2.7857
35161	32968	-2.5177
35161	33874	2.8365
35161	33512	3.1588
35161	33234	3.3981
35161	32982	3.4439
35161	34902	4.7508
36624	36569	-2.9227
31199	34644	-5.341
31199	36087	-2.8687
31199	33829	2.5065
31791	33193	-8.549
31791	33238	-5.216
31791	33226	-4.8842
31791	32191	-3.7546
31791	36513	-2.8886
31791	33328	-2.7123
31791	32871	2.6854
31791	34699	2.8275
31791	33829	2.8328
31791	33087	2.861
31791	34902	5.5015
31759	36866	-4.8434
31759	36828	-3.7463
31759	31026	-3.4885
31759	32158	2.9236
31759	32248	3.1047
31759	34902	4.7572
32037	32081	-4.5535
32037	32007	-2.8414
34420	34445	-8.1804
34420	34391	-7.4997
34420	34385	-4.854
34420	34450	-4.7492
34420	34369	-2.5673
36543	36513	-4.0288
36543	34369	2.6943
36543	34385	3.0796
33193	36391	-16.906
33193	32166	-13.851
33193	32949	-13.051
33193	31962	-12.665
33193	31121	-12.118
33193	31963	-12.104
33193	35157	-11.563
33193	32568	-11.422
33193	34385	-11.373
33193	36828	-11.151
33193	36698	-10.534
33193	36866	-10.268
33193	36513	-8.702
33193	31791	-8.549
33193	33226	-8.4662
33193	33829	-8.2549
33193	34951	-7.7479
33193	36429	-7.7297
33193	33087	-7.5748
33193	33115	-7.3584
33193	32871	-7.0634
33193	35775	-6.4745
33193	35300	-5.4254
33193	32191	-5.2637
33193	33034	-5.1831
33193	35472	-5.0605
33193	33753	-4.8587
33193	35453	-4.2732
33193	31536	-4.2208
33193	32864	-4.0908
33193	31509	-4.0321
33193	31740	-4.0293
33193	34916	-3.979
33193	31026	-3.9203
33193	34469	-3.7596
33193	31115	-3.6972
33193	31315	-3.552
33193	35080	-3.5234
33193	33637	-3.1421
33193	32376	-2.7803
33193	35487	-2.7295
33193	32782	2.5825
33193	34902	4.9087
33193	35451	4.9509
33193	34016	6.9147
35157	36828	-11.912
35157	33193	-11.563
35157	36513	-9.8642
35157	35541	-7.287
35157	33899	-7.1914
35157	32949	-6.5746
35157	31315	-5.8559
35157	35193	-5.7318
35157	34916	-5.6168
35157	33226	-4.9188
35157	35186	-4.8653
35157	35203	-4.203
35157	34058	-4.104
35157	32191	-3.9697
35157	36729	-3.5279
35157	33331	-3.2141
35157	31743	-3.0426
35157	35201	-3.0076
35157	33115	-3.0059
35157	31115	-2.9077
35157	32166	-2.7432
35157	33534	-2.7231
35157	36728	2.9454
35157	33405	4.3046
35157	34902	5.6484
33534	36391	-5.345
33534	36513	-5.3279
33534	34902	-4.0359
33534	35157	-2.7231
33534	35179	2.5779
33534	33666	2.6216
33534	31852	3.0136
33534	33115	3.8553
35099	33829	-6.5777
35099	34902	-4.5549
35099	32388	-3.8585
35099	33234	-3.27
35099	35080	2.5496
35099	36828	2.686
35099	35451	3.2806
31785	34902	-4.5254
31785	33829	-4.4125
31785	31026	-3.6663
31785	33234	-3.2409
31785	36828	2.5581
31785	35451	2.5905
31785	33226	2.6752
31785	31115	2.9271
31785	34916	3.2241
32569	36731	-2.5814
32569	35080	2.774
34704	34596	-11.373
34704	34675	-6.1465
34704	34672	-5.1684
34704	34671	-3.6043
34704	33829	-3.0587
34704	35917	-2.9014
34704	35024	2.5347
34704	35451	2.9264
35228	33192	-11.067
35228	35024	-6.9444
35228	35299	-6.0438
35228	35156	-5.7339
35228	34699	-5.4269
35228	32191	-5.0433
35228	33829	-4.8371
35228	31536	-4.2727
35228	31315	-3.6501
35228	33087	-3.4112
35228	34902	-3.3477
35228	32977	-3.2561
35228	33953	-3.0918
35228	33234	-3.0653
35228	33226	-3.0246
35228	31833	-2.7028
35228	32536	-2.6898
35228	36687	2.5682
35228	33899	2.625
35201	33192	-9.6253
35201	33405	-7.4425
35201	35024	-6.322
35201	35156	-5.0377
35201	34699	-4.9614
35201	31536	-4.7263
35201	35230	-3.7496
35201	32191	-3.386
35201	35361	-3.339
35201	33234	-3.0465
35201	35157	-3.0076
35201	33829	-2.839
35201	31833	-2.7338
35201	31315	-2.7297
35201	35080	3.4597
31017	35361	-5.2664
31017	33234	-2.8883
31017	33660	-2.7664
31017	35080	2.7375
31017	32166	2.8083
31017	35024	3.0441
31017	32949	3.5083
31017	33166	3.9671
31017	31315	4.6399
31017	36828	4.949
31017	32191	4.9926
36609	36638	-4.5591
36609	36575	-3.4002
36609	35080	-2.9848
36609	33829	2.8125
36609	31315	2.898
31824	36687	-3.1421
31824	33637	2.6039
36734	36698	-3.2028
36734	32949	-2.7538
31270	35487	-5.5565
31270	33087	-4.0789
31270	35651	-3.5035
31270	31209	-2.9383
31270	34487	-2.7746
31270	36717	-2.5262
35487	34385	-10.409
35487	33166	-10.222
35487	32871	-9.8987
35487	34483	-9.7754
35487	33053	-9.0827
35487	35070	-8.4686
35487	32924	-8.4472
35487	33692	-8.1976
35487	33829	-8.1367
35487	34405	-8.118
35487	33899	-7.6045
35487	31743	-6.9714
35487	36391	-6.9139
35487	33220	-6.9083
35487	34469	-6.8925
35487	31121	-6.7696
35487	36698	-6.53
35487	33753	-6.4514
35487	32864	-6.3194
35487	33087	-6.1659
35487	34466	-6.1561
35487	31026	-5.7451
35487	31650	-5.6093
35487	31270	-5.5565
35487	31315	-5.3756
35487	31509	-5.3705
35487	33480	-5.3493
35487	31966	-5.3034
35487	31772	-5.2294
35487	32376	-5.1774
35487	35378	-4.812
35487	34511	-4.7999
35487	31558	-4.6183
35487	31612	-4.4134
35487	35541	-4.1185
35487	32191	-4.0259
35487	36087	-3.9564
35487	32166	-3.8918
35487	36687	-3.7694
35487	35392	-3.7602
35487	33240	-3.7579
35487	33874	-3.6651
35487	35179	-3.6617
35487	34487	-3.4458
35487	30977	-3.2677
35487	34370	-3.1568
35487	33226	-3.0886
35487	32536	-3.0447
35487	36729	-2.9684
35487	35453	-2.9511
35487	33735	-2.8934
35487	33193	-2.7295
35487	35186	-2.6671
35487	32982	-2.5866
35487	34947	2.5066
35487	33429	2.5111
35487	32898	2.5117
35487	31833	2.5186
35487	36422	2.5564
35487	33514	2.6333
35487	34058	2.6535
35487	34443	2.7817
35487	35193	2.8372
35487	33637	2.8557
35487	33331	2.9898
35487	36686	3.001
35487	35024	3.0617
35487	31237	3.1578
35487	32284	3.2931
35487	33842	3.3383
35487	34699	3.4777
35487	30990	3.4826
35487	34111	3.7249
35487	35156	3.8905
35487	32770	3.9261
35487	32762	4.2167
35487	33405	5.7278
35487	35451	6.9637
35393	35361	-2.9105
35393	35311	-2.7574
35393	31025	-2.7125
34370	35080	2.5776
31884	33115	-6.6107
31884	33873	-5.2939
31884	34916	-3.9966
31884	33452	-2.7446
31884	32191	4.3577
31884	31315	5.9991
36687	36735	-13.81
36687	35773	-12.113
36687	33240	-11.446
36687	34385	-11.009
36687	35070	-10.113
36687	35783	-9.6016
36687	32871	-9.2895
36687	36391	-9.0515
36687	32949	-8.6498
36687	34469	-8.6475
36687	32864	-7.9211
36687	33753	-7.3255
36687	36129	-7.2035
36687	35451	-7.0733
36687	35132	-6.8499
36687	33305	-6.2384
36687	33791	-6.0861
36687	35378	-5.8523
36687	34611	-5.6548
36687	35300	-5.3314
36687	35541	-5.1486
36687	33226	-5.1124
36687	31740	-5.0977
36687	36534	-4.8585
36687	33234	-4.4457
36687	31612	-4.4135
36687	31509	-4.0521
36687	34946	-4.0126
36687	32166	-3.9505
36687	35487	-3.7694
36687	36729	-3.7561
36687	35988	-3.7368
36687	33166	-3.683
36687	34487	-3.6294
36687	36575	-3.5499
36687	31824	-3.1421
36687	33692	-3.0875
36687	36730	-3.0345
36687	34483	-3.0338
36687	36717	-2.9175
36687	32376	-2.8477
36687	33331	-2.817
36687	32536	-2.8087
36687	34466	-2.6519
36687	35186	-2.553
36687	33743	2.5092
36687	35228	2.5682
36687	35080	2.6484
36687	33405	2.6502
36687	32977	2.8126
36687	34596	3.8533
33784	36707	-15.666
33784	33755	-3.2751
33784	33726	-2.8071
33784	31852	2.5835
36707	31853	-10.317
36707	36753	-3.46
36707	35451	-2.5453
36707	35080	2.5643
36707	31315	3.2894
33791	32536	-5.9494
33791	31315	-5.0919
33791	32191	-4.89
33791	33087	-4.8204
33791	33666	-3.357
33791	33755	-2.6879
33791	36729	-2.6419
33791	32949	-2.5832
33791	34916	3.1231
35676	33873	-15.434
35676	32483	-11.492
35676	35479	-8.7505
35676	32871	-7.5055
35676	32657	-7.3874
35676	33899	-5.09
35676	36698	-4.9863
35676	31558	-4.9738
35676	33234	-3.3668
35676	34902	-3.2473
35676	33452	-2.6829
35676	34469	2.8339
35676	32191	4.8736
35676	31315	5.5639
36728	33873	-16.905
36728	31331	-9.0456
36728	36346	-7.3206
36728	32871	-6.9156
36728	32483	-6.5762
36728	32657	-5.9399
36728	31558	-4.8954
36728	32984	-4.892
36728	33234	-4.7238
36728	35193	-4.576
36728	33328	-3.3588
36728	31224	-3.3011
36728	31536	-3.2641
36728	35120	-3.0933
36728	36832	-2.9149
36728	33514	-2.8892
36728	33666	-2.8288
36728	32554	-2.7419
36728	32601	-2.7291
36728	35451	-2.6468
36728	31962	-2.6387
36728	32528	-2.5858
36728	35070	-2.5645
36728	32802	-2.5118
36728	31475	2.5238
36728	34443	2.5356
36728	34124	2.5523
36728	31963	2.5545
36728	32356	2.5814
36728	33583	2.6374
36728	35846	2.7351
36728	31263	2.7775
36728	35541	2.7966
36728	34962	2.9332
36728	35157	2.9454
36728	35132	2.9477
36728	33571	3.2851
36728	32536	3.4146
36728	35392	3.5311
36728	35186	4.5286
36866	36045	-14.629
36866	36698	-14.213
36866	33193	-10.268
36866	32871	-10.23
36866	32376	-8.0356
36866	33238	-6.2528
36866	36686	-4.3397
36866	36013	-2.9385
36866	33444	-2.7794
36866	36087	-2.7616
36391	34469	-20.364
36391	35070	-19.904
36391	31812	-17.958
36391	33193	-16.906
36391	33753	-15.787
36391	34385	-14.837
36391	32864	-14.252
36391	36865	-14.031
36391	36129	-13.722
36391	35453	-13.059
36391	35988	-12.887
36391	35541	-12.725
36391	33331	-12.606
36391	35300	-12.496
36391	32166	-12.436
36391	35783	-12.42
36391	36686	-11.811
36391	33087	-11.752
36391	32601	-11.691
36391	35179	-10.92
36391	32191	-9.8724
36391	36698	-9.8721
36391	35775	-9.5842
36391	35773	-9.5505
36391	32949	-8.686
36391	31612	-8.4238
36391	36729	-8.1925
36391	30977	-7.3779
36391	32376	-7.2105
36391	35487	-6.9139
36391	31967	-6.8364
36391	33034	-6.6993
36391	34916	-6.0265
36391	34405	-5.2561
36391	34466	-4.5149
36391	34070	-4.1872
36391	33874	-4.1757
36391	33115	-3.8264
36391	31942	-3.5084
36391	31989	-3.4689
36391	33692	-3.3992
36391	33755	-3.3376
36391	34882	-3.1802
36391	31833	-3.0347
36391	33166	-3.0264
36391	32388	-2.8753
36391	31315	-2.8611
36391	34902	5.4084
35472	32601	-19.084
35472	35070	-15.048
35472	33240	-13.544
35472	33226	-11.282
35472	31962	-10.738
35472	34916	-5.1125
35472	33193	-5.0605
35472	31315	-4.9026
35472	35775	-4.6939
35472	33115	-3.3076
35472	31536	-3.203
35472	32782	-3.013
35472	32191	-2.6261
32490	36513	-13.447
32490	33692	-8.5814
32490	35150	-4.7509
32490	33087	-4.39
32490	31536	-3.3982
32388	34611	-6.3792
32388	35150	-6.2191
32388	36513	-5.8885
32388	33753	-5.6347
32388	35300	-4.687
32388	36698	-4.3857
32388	35392	-4.3392
32388	33226	-4.3339
32388	33692	-3.8209
32388	31121	-3.651
32388	31743	-3.6436
32388	33092	-3.523
32388	33633	-3.2838
32388	33873	-2.9279
32388	32413	-2.8605
32388	36858	-2.8054
32388	35541	-2.5421
32388	31475	2.6514
34198	32688	-10.271
34198	32248	-4.8931
34198	31209	-3.6149
34198	35066	-3.0094
34198	33829	3.6518
32568	32621	-3.0661
35120	31315	-7.559
35120	33328	-3.5478
35120	32950	-3.5138
35120	32191	-3.4991
35120	35066	-3.235
35120	32977	-3.1977
35120	34902	-3.1888
35120	35150	-3.0569
35120	36569	-2.9258
35120	35203	-2.9175
35120	31209	-2.8886
